{"X": [[[36.85810519942594, 17.849205395169534, 7.511212574731701, 6.214435209009724, 7.922765200808897, 5.895279191928629, 3.921272782009924, 3.809670529226863, 4.597870612265351, 3.0098486817334154, 2.5982058073878864, 2.6261225858000414, 3.1026073746921896, 2.885023797173671, 4.232850256008347, 3.1851464677061463, 4.267802659067144, 3.631839087051333, 3.834974271524421, 4.6466049685367725, 5.060707060782229, 4.5534485907722635, 4.615907787742759, 0.0, 0.0, 0.0, 0.0, 0.0, 0.0, 0.0, 0.0, 0.0, 0.0, 0.0, 0.0, 0.0, 0.0, 0.0, 0.0, 0.0, 0.0, 0.0, 0.0, 0.0, 0.0], [17.849205395169534, 73.51669471981023, 18.008440060823933, 10.153789977454657, 10.035888261127472, 7.288586857167565, 5.1997412361057265, 5.229276530832619, 6.322314826744425, 4.202263703590609, 3.5955306474700865, 3.572618461366844, 4.135844445143807, 3.7686757053268054, 5.371672951657407, 4.200409854872367, 6.7546484086140826, 6.012108371488779, 6.861576872276363, 7.935422689554012, 10.559293432310122, 9.147661064334388, 8.463048388808083, 0.0, 0.0, 0.0, 0.0, 0.0, 0.0, 0.0, 0.0, 0.0, 0.0, 0.0, 0.0, 0.0, 0.0, 0.0, 0.0, 0.0, 0.0, 0.0, 0.0, 0.0, 0.0], [7.511212574731701, 18.008440060823933, 36.85810519942594, 13.387789491123378, 8.925529440743718, 6.174798224655079, 4.569380899527844, 4.53867634790472, 5.138938172431127, 3.6230392996356646, 3.102215755641413, 3.0943243312802693, 3.606208440833379, 3.221726493147462, 4.5086463593031825, 3.550291222921052, 7.804366939580782, 6.763465472049414, 7.802116514441441, 7.757030776567256, 13.510933718693044, 7.7033910179868474, 6.302863547514913, 0.0, 0.0, 0.0, 0.0, 0.0, 0.0, 0.0, 0.0, 0.0, 0.0, 0.0, 0.0, 0.0, 0.0, 0.0, 0.0, 0.0, 0.0, 0.0, 0.0, 0.0, 0.0], [6.214435209009724, 10.153789977454657, 13.387789491123378, 36.85810519942594, 15.457116730755068, 9.18319458980256, 6.454720366494889, 5.739862897261962, 5.7543375444774, 4.309804947856111, 3.734306260435631, 3.881347851926787, 4.8328255030941625, 4.236904713815577, 5.96362953714161, 4.430435011804787, 13.544806912052591, 7.82644824667293, 6.772502925056613, 6.851654993757912, 7.805869798450859, 5.057424991704232, 4.555798065680188, 0.0, 0.0, 0.0, 0.0, 0.0, 0.0, 0.0, 0.0, 0.0, 0.0, 0.0, 0.0, 0.0, 0.0, 0.0, 0.0, 0.0, 0.0, 0.0, 0.0, 0.0, 0.0], [7.922765200808897, 10.035888261127472, 8.925529440743718, 15.457116730755068, 53.3587073998281, 20.26413391415575, 9.207286334840873, 7.064268150482117, 6.926748908775777, 4.990266455369768, 4.37088736702239, 4.7349377548128695, 6.394806394966184, 5.7772647704023345, 8.775883354073708, 5.697642556301156, 9.038354225158685, 5.940540046468626, 5.228861401153935, 5.944629156807018, 5.901335709506007, 4.4784798789723474, 4.320862970467237, 0.0, 0.0, 0.0, 0.0, 0.0, 0.0, 0.0, 0.0, 0.0, 0.0, 0.0, 0.0, 0.0, 0.0, 0.0, 0.0, 0.0, 0.0, 0.0, 0.0, 0.0, 0.0], [5.895279191928629, 7.288586857167565, 6.174798224655079, 9.18319458980256, 20.26413391415575, 53.3587073998281, 15.449959845201446, 8.973934582911468, 7.564245049060683, 5.921235670150509, 5.232959450348433, 5.921425318220593, 8.975931249088358, 7.5605339904282065, 11.226180749558843, 6.841642754273498, 7.361369114314006, 5.085059385770625, 4.358503808179525, 5.185077186404278, 4.638311066659962, 3.6846630000943925, 3.66130958562816, 0.0, 0.0, 0.0, 0.0, 0.0, 0.0, 0.0, 0.0, 0.0, 0.0, 0.0, 0.0, 0.0, 0.0, 0.0, 0.0, 0.0, 0.0, 0.0, 0.0, 0.0, 0.0], [3.921272782009924, 5.1997412361057265, 4.569380899527844, 6.454720366494889, 9.207286334840873, 15.449959845201446, 36.85810519942594, 13.436349493045878, 7.453649499782689, 7.819171588595013, 6.7824933746476095, 7.823248872449016, 13.409990772358054, 7.468417706321955, 8.737950364908563, 6.6761624821371415, 6.275039092018164, 4.508752149906138, 3.723817089838455, 4.509652000634547, 3.7383653574700437, 2.979784828818341, 2.974415228376985, 0.0, 0.0, 0.0, 0.0, 0.0, 0.0, 0.0, 0.0, 0.0, 0.0, 0.0, 0.0, 0.0, 0.0, 0.0, 0.0, 0.0, 0.0, 0.0, 0.0, 0.0, 0.0], [3.809670529226863, 5.229276530832619, 4.53867634790472, 5.739862897261962, 7.064268150482117, 8.973934582911468, 13.436349493045878, 36.85810519942594, 12.65459302875739, 13.593272129898716, 7.855350564443186, 6.791492533201565, 7.760753937908601, 4.963986680577398, 5.879738032994812, 5.130730108518912, 5.496521399681424, 4.3752055364899425, 3.800369075229321, 4.667750056077696, 3.8485510436607995, 3.12249922998301, 3.1297044355683528, 0.0, 0.0, 0.0, 0.0, 0.0, 0.0, 0.0, 0.0, 0.0, 0.0, 0.0, 0.0, 0.0, 0.0, 0.0, 0.0, 0.0, 0.0, 0.0, 0.0, 0.0, 0.0], [4.597870612265351, 6.322314826744425, 5.138938172431127, 5.7543375444774, 6.926748908775777, 7.564245049060683, 7.453649499782689, 12.65459302875739, 36.85810519942594, 7.62325822318955, 5.0294067169987136, 4.42079157328212, 4.949504914477826, 3.731937639600583, 4.7634446232023056, 4.015325071742179, 4.859207278287456, 4.065118453843936, 3.8583950042044646, 4.733764169665351, 4.225294099781657, 3.525647695656137, 3.544586301269039, 0.0, 0.0, 0.0, 0.0, 0.0, 0.0, 0.0, 0.0, 0.0, 0.0, 0.0, 0.0, 0.0, 0.0, 0.0, 0.0, 0.0, 0.0, 0.0, 0.0, 0.0, 0.0], [3.0098486817334154, 4.202263703590609, 3.6230392996356646, 4.309804947856111, 4.990266455369768, 5.921235670150509, 7.819171588595013, 13.593272129898716, 7.62325822318955, 36.85810519942594, 13.689205245766201, 7.889488279478396, 6.765759406193781, 4.426724194526951, 4.983692713666501, 4.965051843411751, 4.520063927364268, 3.9481008803773463, 3.4319508925096005, 4.42338575416801, 3.314243949515288, 2.773573009799256, 2.8335788308206467, 0.0, 0.0, 0.0, 0.0, 0.0, 0.0, 0.0, 0.0, 0.0, 0.0, 0.0, 0.0, 0.0, 0.0, 0.0, 0.0, 0.0, 0.0, 0.0, 0.0, 0.0, 0.0], [2.5982058073878864, 3.5955306474700865, 3.102215755641413, 3.734306260435631, 4.37088736702239, 5.232959450348433, 6.7824933746476095, 7.855350564443186, 5.0294067169987136, 13.689205245766201, 36.85810519942594, 13.675098320949639, 7.82367642617001, 5.039302508267344, 5.26220803979126, 5.9753791871049975, 4.1466423689980525, 3.6662593986397436, 3.0888941553632727, 4.071126624350316, 2.8909163451001003, 2.435874440672801, 2.510125623955678, 0.0, 0.0, 0.0, 0.0, 0.0, 0.0, 0.0, 0.0, 0.0, 0.0, 0.0, 0.0, 0.0, 0.0, 0.0, 0.0, 0.0, 0.0, 0.0, 0.0, 0.0, 0.0], [2.6261225858000414, 3.572618461366844, 3.0943243312802693, 3.881347851926787, 4.7349377548128695, 5.921425318220593, 7.823248872449016, 6.791492533201565, 4.42079157328212, 7.889488279478396, 13.675098320949639, 36.85810519942594, 13.544230424706639, 7.65306883770664, 6.973340045887525, 8.886674444190218, 4.399300280163643, 3.7040131133554794, 3.0238202923377764, 3.937541612331542, 2.8261535315235373, 2.355301977542708, 2.418464712726803, 0.0, 0.0, 0.0, 0.0, 0.0, 0.0, 0.0, 0.0, 0.0, 0.0, 0.0, 0.0, 0.0, 0.0, 0.0, 0.0, 0.0, 0.0, 0.0, 0.0, 0.0, 0.0], [3.1026073746921896, 4.135844445143807, 3.606208440833379, 4.8328255030941625, 6.394806394966184, 8.975931249088358, 13.409990772358054, 7.760753937908601, 4.949504914477826, 6.765759406193781, 7.82367642617001, 13.544230424706639, 36.85810519942594, 12.797064320238139, 10.595996918850416, 10.174939115592702, 5.30582223629045, 4.0611026996522455, 3.2696288551657386, 4.110075946776867, 3.1352989941298, 2.5560302416030285, 2.5924760881633815, 0.0, 0.0, 0.0, 0.0, 0.0, 0.0, 0.0, 0.0, 0.0, 0.0, 0.0, 0.0, 0.0, 0.0, 0.0, 0.0, 0.0, 0.0, 0.0, 0.0, 0.0, 0.0], [2.885023797173671, 3.7686757053268054, 3.221726493147462, 4.236904713815577, 5.7772647704023345, 7.5605339904282065, 7.468417706321955, 4.963986680577398, 3.731937639600583, 4.426724194526951, 5.039302508267344, 7.65306883770664, 12.797064320238139, 36.85810519942594, 20.156480231406643, 18.234379568338277, 4.626389770109921, 3.6041166767476183, 2.9277993663887205, 3.7351245678105007, 2.81318452404159, 2.327559168757394, 2.383582563245107, 0.0, 0.0, 0.0, 0.0, 0.0, 0.0, 0.0, 0.0, 0.0, 0.0, 0.0, 0.0, 0.0, 0.0, 0.0, 0.0, 0.0, 0.0, 0.0, 0.0, 0.0, 0.0], [4.232850256008347, 5.371672951657407, 4.5086463593031825, 5.96362953714161, 8.775883354073708, 11.226180749558843, 8.737950364908563, 5.879738032994812, 4.7634446232023056, 4.983692713666501, 5.26220803979126, 6.973340045887525, 10.595996918850416, 20.156480231406643, 73.51669471981023, 14.823971265821097, 6.122948523621851, 4.67505474419451, 3.878026134605155, 4.9017028319342435, 3.8285487956986253, 3.172985795535906, 3.249132828612631, 0.0, 0.0, 0.0, 0.0, 0.0, 0.0, 0.0, 0.0, 0.0, 0.0, 0.0, 0.0, 0.0, 0.0, 0.0, 0.0, 0.0, 0.0, 0.0, 0.0, 0.0, 0.0], [3.1851464677061463, 4.200409854872367, 3.550291222921052, 4.430435011804787, 5.697642556301156, 6.841642754273498, 6.6761624821371415, 5.130730108518912, 4.015325071742179, 4.965051843411751, 5.9753791871049975, 8.886674444190218, 10.174939115592702, 18.234379568338277, 14.823971265821097, 73.51669471981023, 4.941977524161393, 4.136315853399172, 3.4064082276667254, 4.488897123874632, 3.217163965003675, 2.722310400798639, 2.826864407169631, 0.0, 0.0, 0.0, 0.0, 0.0, 0.0, 0.0, 0.0, 0.0, 0.0, 0.0, 0.0, 0.0, 0.0, 0.0, 0.0, 0.0, 0.0, 0.0, 0.0, 0.0, 0.0], [4.267802659067144, 6.7546484086140826, 7.804366939580782, 13.544806912052591, 9.038354225158685, 7.361369114314006, 6.275039092018164, 5.496521399681424, 4.859207278287456, 4.520063927364268, 4.1466423689980525, 4.399300280163643, 5.30582223629045, 4.626389770109921, 6.122948523621851, 4.941977524161393, 36.85810519942594, 13.679436143988681, 7.892690609661499, 7.83479318388304, 6.818058428437118, 4.496174815750019, 4.120237312435196, 0.0, 0.0, 0.0, 0.0, 0.0, 0.0, 0.0, 0.0, 0.0, 0.0, 0.0, 0.0, 0.0, 0.0, 0.0, 0.0, 0.0, 0.0, 0.0, 0.0, 0.0, 0.0], [3.631839087051333, 6.012108371488779, 6.763465472049414, 7.82644824667293, 5.940540046468626, 5.085059385770625, 4.508752149906138, 4.3752055364899425, 4.065118453843936, 3.9481008803773463, 3.6662593986397436, 3.7040131133554794, 4.0611026996522455, 3.6041166767476183, 4.67505474419451, 4.136315853399172, 13.679436143988681, 36.85810519942594, 13.68375668535495, 12.039540772407035, 7.872702520277539, 5.104415519249795, 4.593254036262717, 0.0, 0.0, 0.0, 0.0, 0.0, 0.0, 0.0, 0.0, 0.0, 0.0, 0.0, 0.0, 0.0, 0.0, 0.0, 0.0, 0.0, 0.0, 0.0, 0.0, 0.0, 0.0], [3.834974271524421, 6.861576872276363, 7.802116514441441, 6.772502925056613, 5.228861401153935, 4.358503808179525, 3.723817089838455, 3.800369075229321, 3.8583950042044646, 3.4319508925096005, 3.0888941553632727, 3.0238202923377764, 3.2696288551657386, 2.9277993663887205, 3.878026134605155, 3.4064082276667254, 7.892690609661499, 13.68375668535495, 36.85810519942594, 21.044883957486146, 13.599588001632602, 7.765313933871964, 6.342024463597603, 0.0, 0.0, 0.0, 0.0, 0.0, 0.0, 0.0, 0.0, 0.0, 0.0, 0.0, 0.0, 0.0, 0.0, 0.0, 0.0, 0.0, 0.0, 0.0, 0.0, 0.0, 0.0], [4.6466049685367725, 7.935422689554012, 7.757030776567256, 6.851654993757912, 5.944629156807018, 5.185077186404278, 4.509652000634547, 4.667750056077696, 4.733764169665351, 4.42338575416801, 4.071126624350316, 3.937541612331542, 4.110075946776867, 3.7351245678105007, 4.9017028319342435, 4.488897123874632, 7.83479318388304, 12.039540772407035, 21.044883957486146, 97.53309975386802, 11.925243333301403, 10.213709885636693, 9.42547458539872, 0.0, 0.0, 0.0, 0.0, 0.0, 0.0, 0.0, 0.0, 0.0, 0.0, 0.0, 0.0, 0.0, 0.0, 0.0, 0.0, 0.0, 0.0, 0.0, 0.0, 0.0, 0.0], [5.060707060782229, 10.559293432310122, 13.510933718693044, 7.805869798450859, 5.901335709506007, 4.638311066659962, 3.7383653574700437, 3.8485510436607995, 4.225294099781657, 3.314243949515288, 2.8909163451001003, 2.8261535315235373, 3.1352989941298, 2.81318452404159, 3.8285487956986253, 3.217163965003675, 6.818058428437118, 7.872702520277539, 13.599588001632602, 11.925243333301403, 36.85810519942594, 13.200990411837326, 8.547020801812211, 0.0, 0.0, 0.0, 0.0, 0.0, 0.0, 0.0, 0.0, 0.0, 0.0, 0.0, 0.0, 0.0, 0.0, 0.0, 0.0, 0.0, 0.0, 0.0, 0.0, 0.0, 0.0], [4.5534485907722635, 9.147661064334388, 7.7033910179868474, 5.057424991704232, 4.4784798789723474, 3.6846630000943925, 2.979784828818341, 3.12249922998301, 3.525647695656137, 2.773573009799256, 2.435874440672801, 2.355301977542708, 2.5560302416030285, 2.327559168757394, 3.172985795535906, 2.722310400798639, 4.496174815750019, 5.104415519249795, 7.765313933871964, 10.213709885636693, 13.200990411837326, 36.85810519942594, 19.205049283895864, 0.0, 0.0, 0.0, 0.0, 0.0, 0.0, 0.0, 0.0, 0.0, 0.0, 0.0, 0.0, 0.0, 0.0, 0.0, 0.0, 0.0, 0.0, 0.0, 0.0, 0.0, 0.0], [4.615907787742759, 8.463048388808083, 6.302863547514913, 4.555798065680188, 4.320862970467237, 3.66130958562816, 2.974415228376985, 3.1297044355683528, 3.544586301269039, 2.8335788308206467, 2.510125623955678, 2.418464712726803, 2.5924760881633815, 2.383582563245107, 3.249132828612631, 2.826864407169631, 4.120237312435196, 4.593254036262717, 6.342024463597603, 9.42547458539872, 8.547020801812211, 19.205049283895864, 53.3587073998281, 0.0, 0.0, 0.0, 0.0, 0.0, 0.0, 0.0, 0.0, 0.0, 0.0, 0.0, 0.0, 0.0, 0.0, 0.0, 0.0, 0.0, 0.0, 0.0, 0.0, 0.0, 0.0], [0.0, 0.0, 0.0, 0.0, 0.0, 0.0, 0.0, 0.0, 0.0, 0.0, 0.0, 0.0, 0.0, 0.0, 0.0, 0.0, 0.0, 0.0, 0.0, 0.0, 0.0, 0.0, 0.0, 0.0, 0.0, 0.0, 0.0, 0.0, 0.0, 0.0, 0.0, 0.0, 0.0, 0.0, 0.0, 0.0, 0.0, 0.0, 0.0, 0.0, 0.0, 0.0, 0.0, 0.0, 0.0], [0.0, 0.0, 0.0, 0.0, 0.0, 0.0, 0.0, 0.0, 0.0, 0.0, 0.0, 0.0, 0.0, 0.0, 0.0, 0.0, 0.0, 0.0, 0.0, 0.0, 0.0, 0.0, 0.0, 0.0, 0.0, 0.0, 0.0, 0.0, 0.0, 0.0, 0.0, 0.0, 0.0, 0.0, 0.0, 0.0, 0.0, 0.0, 0.0, 0.0, 0.0, 0.0, 0.0, 0.0, 0.0], [0.0, 0.0, 0.0, 0.0, 0.0, 0.0, 0.0, 0.0, 0.0, 0.0, 0.0, 0.0, 0.0, 0.0, 0.0, 0.0, 0.0, 0.0, 0.0, 0.0, 0.0, 0.0, 0.0, 0.0, 0.0, 0.0, 0.0, 0.0, 0.0, 0.0, 0.0, 0.0, 0.0, 0.0, 0.0, 0.0, 0.0, 0.0, 0.0, 0.0, 0.0, 0.0, 0.0, 0.0, 0.0], [0.0, 0.0, 0.0, 0.0, 0.0, 0.0, 0.0, 0.0, 0.0, 0.0, 0.0, 0.0, 0.0, 0.0, 0.0, 0.0, 0.0, 0.0, 0.0, 0.0, 0.0, 0.0, 0.0, 0.0, 0.0, 0.0, 0.0, 0.0, 0.0, 0.0, 0.0, 0.0, 0.0, 0.0, 0.0, 0.0, 0.0, 0.0, 0.0, 0.0, 0.0, 0.0, 0.0, 0.0, 0.0], [0.0, 0.0, 0.0, 0.0, 0.0, 0.0, 0.0, 0.0, 0.0, 0.0, 0.0, 0.0, 0.0, 0.0, 0.0, 0.0, 0.0, 0.0, 0.0, 0.0, 0.0, 0.0, 0.0, 0.0, 0.0, 0.0, 0.0, 0.0, 0.0, 0.0, 0.0, 0.0, 0.0, 0.0, 0.0, 0.0, 0.0, 0.0, 0.0, 0.0, 0.0, 0.0, 0.0, 0.0, 0.0], [0.0, 0.0, 0.0, 0.0, 0.0, 0.0, 0.0, 0.0, 0.0, 0.0, 0.0, 0.0, 0.0, 0.0, 0.0, 0.0, 0.0, 0.0, 0.0, 0.0, 0.0, 0.0, 0.0, 0.0, 0.0, 0.0, 0.0, 0.0, 0.0, 0.0, 0.0, 0.0, 0.0, 0.0, 0.0, 0.0, 0.0, 0.0, 0.0, 0.0, 0.0, 0.0, 0.0, 0.0, 0.0], [0.0, 0.0, 0.0, 0.0, 0.0, 0.0, 0.0, 0.0, 0.0, 0.0, 0.0, 0.0, 0.0, 0.0, 0.0, 0.0, 0.0, 0.0, 0.0, 0.0, 0.0, 0.0, 0.0, 0.0, 0.0, 0.0, 0.0, 0.0, 0.0, 0.0, 0.0, 0.0, 0.0, 0.0, 0.0, 0.0, 0.0, 0.0, 0.0, 0.0, 0.0, 0.0, 0.0, 0.0, 0.0], [0.0, 0.0, 0.0, 0.0, 0.0, 0.0, 0.0, 0.0, 0.0, 0.0, 0.0, 0.0, 0.0, 0.0, 0.0, 0.0, 0.0, 0.0, 0.0, 0.0, 0.0, 0.0, 0.0, 0.0, 0.0, 0.0, 0.0, 0.0, 0.0, 0.0, 0.0, 0.0, 0.0, 0.0, 0.0, 0.0, 0.0, 0.0, 0.0, 0.0, 0.0, 0.0, 0.0, 0.0, 0.0], [0.0, 0.0, 0.0, 0.0, 0.0, 0.0, 0.0, 0.0, 0.0, 0.0, 0.0, 0.0, 0.0, 0.0, 0.0, 0.0, 0.0, 0.0, 0.0, 0.0, 0.0, 0.0, 0.0, 0.0, 0.0, 0.0, 0.0, 0.0, 0.0, 0.0, 0.0, 0.0, 0.0, 0.0, 0.0, 0.0, 0.0, 0.0, 0.0, 0.0, 0.0, 0.0, 0.0, 0.0, 0.0], [0.0, 0.0, 0.0, 0.0, 0.0, 0.0, 0.0, 0.0, 0.0, 0.0, 0.0, 0.0, 0.0, 0.0, 0.0, 0.0, 0.0, 0.0, 0.0, 0.0, 0.0, 0.0, 0.0, 0.0, 0.0, 0.0, 0.0, 0.0, 0.0, 0.0, 0.0, 0.0, 0.0, 0.0, 0.0, 0.0, 0.0, 0.0, 0.0, 0.0, 0.0, 0.0, 0.0, 0.0, 0.0], [0.0, 0.0, 0.0, 0.0, 0.0, 0.0, 0.0, 0.0, 0.0, 0.0, 0.0, 0.0, 0.0, 0.0, 0.0, 0.0, 0.0, 0.0, 0.0, 0.0, 0.0, 0.0, 0.0, 0.0, 0.0, 0.0, 0.0, 0.0, 0.0, 0.0, 0.0, 0.0, 0.0, 0.0, 0.0, 0.0, 0.0, 0.0, 0.0, 0.0, 0.0, 0.0, 0.0, 0.0, 0.0], [0.0, 0.0, 0.0, 0.0, 0.0, 0.0, 0.0, 0.0, 0.0, 0.0, 0.0, 0.0, 0.0, 0.0, 0.0, 0.0, 0.0, 0.0, 0.0, 0.0, 0.0, 0.0, 0.0, 0.0, 0.0, 0.0, 0.0, 0.0, 0.0, 0.0, 0.0, 0.0, 0.0, 0.0, 0.0, 0.0, 0.0, 0.0, 0.0, 0.0, 0.0, 0.0, 0.0, 0.0, 0.0], [0.0, 0.0, 0.0, 0.0, 0.0, 0.0, 0.0, 0.0, 0.0, 0.0, 0.0, 0.0, 0.0, 0.0, 0.0, 0.0, 0.0, 0.0, 0.0, 0.0, 0.0, 0.0, 0.0, 0.0, 0.0, 0.0, 0.0, 0.0, 0.0, 0.0, 0.0, 0.0, 0.0, 0.0, 0.0, 0.0, 0.0, 0.0, 0.0, 0.0, 0.0, 0.0, 0.0, 0.0, 0.0], [0.0, 0.0, 0.0, 0.0, 0.0, 0.0, 0.0, 0.0, 0.0, 0.0, 0.0, 0.0, 0.0, 0.0, 0.0, 0.0, 0.0, 0.0, 0.0, 0.0, 0.0, 0.0, 0.0, 0.0, 0.0, 0.0, 0.0, 0.0, 0.0, 0.0, 0.0, 0.0, 0.0, 0.0, 0.0, 0.0, 0.0, 0.0, 0.0, 0.0, 0.0, 0.0, 0.0, 0.0, 0.0], [0.0, 0.0, 0.0, 0.0, 0.0, 0.0, 0.0, 0.0, 0.0, 0.0, 0.0, 0.0, 0.0, 0.0, 0.0, 0.0, 0.0, 0.0, 0.0, 0.0, 0.0, 0.0, 0.0, 0.0, 0.0, 0.0, 0.0, 0.0, 0.0, 0.0, 0.0, 0.0, 0.0, 0.0, 0.0, 0.0, 0.0, 0.0, 0.0, 0.0, 0.0, 0.0, 0.0, 0.0, 0.0], [0.0, 0.0, 0.0, 0.0, 0.0, 0.0, 0.0, 0.0, 0.0, 0.0, 0.0, 0.0, 0.0, 0.0, 0.0, 0.0, 0.0, 0.0, 0.0, 0.0, 0.0, 0.0, 0.0, 0.0, 0.0, 0.0, 0.0, 0.0, 0.0, 0.0, 0.0, 0.0, 0.0, 0.0, 0.0, 0.0, 0.0, 0.0, 0.0, 0.0, 0.0, 0.0, 0.0, 0.0, 0.0], [0.0, 0.0, 0.0, 0.0, 0.0, 0.0, 0.0, 0.0, 0.0, 0.0, 0.0, 0.0, 0.0, 0.0, 0.0, 0.0, 0.0, 0.0, 0.0, 0.0, 0.0, 0.0, 0.0, 0.0, 0.0, 0.0, 0.0, 0.0, 0.0, 0.0, 0.0, 0.0, 0.0, 0.0, 0.0, 0.0, 0.0, 0.0, 0.0, 0.0, 0.0, 0.0, 0.0, 0.0, 0.0], [0.0, 0.0, 0.0, 0.0, 0.0, 0.0, 0.0, 0.0, 0.0, 0.0, 0.0, 0.0, 0.0, 0.0, 0.0, 0.0, 0.0, 0.0, 0.0, 0.0, 0.0, 0.0, 0.0, 0.0, 0.0, 0.0, 0.0, 0.0, 0.0, 0.0, 0.0, 0.0, 0.0, 0.0, 0.0, 0.0, 0.0, 0.0, 0.0, 0.0, 0.0, 0.0, 0.0, 0.0, 0.0], [0.0, 0.0, 0.0, 0.0, 0.0, 0.0, 0.0, 0.0, 0.0, 0.0, 0.0, 0.0, 0.0, 0.0, 0.0, 0.0, 0.0, 0.0, 0.0, 0.0, 0.0, 0.0, 0.0, 0.0, 0.0, 0.0, 0.0, 0.0, 0.0, 0.0, 0.0, 0.0, 0.0, 0.0, 0.0, 0.0, 0.0, 0.0, 0.0, 0.0, 0.0, 0.0, 0.0, 0.0, 0.0], [0.0, 0.0, 0.0, 0.0, 0.0, 0.0, 0.0, 0.0, 0.0, 0.0, 0.0, 0.0, 0.0, 0.0, 0.0, 0.0, 0.0, 0.0, 0.0, 0.0, 0.0, 0.0, 0.0, 0.0, 0.0, 0.0, 0.0, 0.0, 0.0, 0.0, 0.0, 0.0, 0.0, 0.0, 0.0, 0.0, 0.0, 0.0, 0.0, 0.0, 0.0, 0.0, 0.0, 0.0, 0.0], [0.0, 0.0, 0.0, 0.0, 0.0, 0.0, 0.0, 0.0, 0.0, 0.0, 0.0, 0.0, 0.0, 0.0, 0.0, 0.0, 0.0, 0.0, 0.0, 0.0, 0.0, 0.0, 0.0, 0.0, 0.0, 0.0, 0.0, 0.0, 0.0, 0.0, 0.0, 0.0, 0.0, 0.0, 0.0, 0.0, 0.0, 0.0, 0.0, 0.0, 0.0, 0.0, 0.0, 0.0, 0.0], [0.0, 0.0, 0.0, 0.0, 0.0, 0.0, 0.0, 0.0, 0.0, 0.0, 0.0, 0.0, 0.0, 0.0, 0.0, 0.0, 0.0, 0.0, 0.0, 0.0, 0.0, 0.0, 0.0, 0.0, 0.0, 0.0, 0.0, 0.0, 0.0, 0.0, 0.0, 0.0, 0.0, 0.0, 0.0, 0.0, 0.0, 0.0, 0.0, 0.0, 0.0, 0.0, 0.0, 0.0, 0.0]], [[36.85810519942594, 12.636094138836532, 7.5984716790125555, 5.002070187293978, 3.8019614746554224, 4.915057078082758, 4.056050674304392, 4.417073379679864, 4.964010777657079, 4.4245467988462766, 3.6415973117239937, 2.9387685115429023, 3.2044332602681345, 2.798727348670859, 4.24286902779382, 2.3779769399300905, 2.255702639868536, 1.9375040610139171, 2.4397749067168077, 2.382779182013303, 2.457218125023511, 7.464004309367846, 6.407246443456694, 0.0, 0.0, 0.0, 0.0, 0.0, 0.0, 0.0, 0.0, 0.0, 0.0, 0.0, 0.0, 0.0, 0.0, 0.0, 0.0, 0.0, 0.0, 0.0, 0.0, 0.0, 0.0], [12.636094138836532, 36.85810519942594, 13.566307393913943, 7.799171098269054, 5.013817157258407, 5.987677977886794, 5.14746996894828, 6.7895840340344344, 7.799435139381182, 5.90786279193183, 4.631323190118309, 3.71596354568826, 4.044915370758953, 3.388467318833657, 4.963479277581722, 2.830185574212478, 2.699002353475925, 2.264408873912653, 2.8377642154640808, 2.736164337608365, 3.0045152131556527, 13.44001904729321, 7.487625414734941, 0.0, 0.0, 0.0, 0.0, 0.0, 0.0, 0.0, 0.0, 0.0, 0.0, 0.0, 0.0, 0.0, 0.0, 0.0, 0.0, 0.0, 0.0, 0.0, 0.0, 0.0, 0.0], [7.5984716790125555, 13.566307393913943, 36.85810519942594, 13.585973656764917, 7.602558520704068, 8.948063201313207, 6.739918853908649, 7.886778112483654, 6.792144390151865, 5.237983745165518, 4.350729797095274, 3.6883310413453536, 4.019491514508475, 3.518852147758767, 5.155468455411412, 2.9908147601816, 2.8326669522255163, 2.3882064373189964, 2.971000398577561, 2.904862563938955, 3.081406738094642, 7.808587749987874, 4.975164672133402, 0.0, 0.0, 0.0, 0.0, 0.0, 0.0, 0.0, 0.0, 0.0, 0.0, 0.0, 0.0, 0.0, 0.0, 0.0, 0.0, 0.0, 0.0, 0.0, 0.0, 0.0, 0.0], [5.002070187293978, 7.799171098269054, 13.585973656764917, 36.85810519942594, 12.86756324994069, 10.66260681807828, 10.192401154871165, 13.605503342379786, 7.806512864754063, 5.925944901529882, 5.059565533929444, 4.438501723497371, 4.677526891430262, 4.066907941504592, 5.63994994164657, 3.517598802866835, 3.3912046910238383, 2.8132773187372364, 3.484730307073065, 3.3585972034842557, 3.7304366177148864, 6.734180880886012, 4.3886326963899895, 0.0, 0.0, 0.0, 0.0, 0.0, 0.0, 0.0, 0.0, 0.0, 0.0, 0.0, 0.0, 0.0, 0.0, 0.0, 0.0, 0.0, 0.0, 0.0, 0.0, 0.0, 0.0], [3.8019614746554224, 5.013817157258407, 7.602558520704068, 12.86756324994069, 36.85810519942594, 20.144504931013397, 18.23817888076473, 7.627089599837936, 5.022343303018418, 4.483561311517145, 4.126189197275373, 3.782950961868415, 3.9362534089094585, 3.729394022710683, 5.242713316188166, 3.4253416260034717, 3.301505750706237, 2.8424606613199046, 3.5119984607748984, 3.469932134391536, 3.4477053500249286, 4.420698807437471, 3.272525382677659, 0.0, 0.0, 0.0, 0.0, 0.0, 0.0, 0.0, 0.0, 0.0, 0.0, 0.0, 0.0, 0.0, 0.0, 0.0, 0.0, 0.0, 0.0, 0.0, 0.0, 0.0, 0.0], [4.915057078082758, 5.987677977886794, 8.948063201313207, 10.66260681807828, 20.144504931013397, 73.51669471981023, 14.786542006692247, 6.977528942221919, 5.269023692258578, 4.868544067600536, 4.4978415292826135, 4.083683718004931, 4.321464323699837, 4.217836139067901, 6.203285871395597, 3.901431529094902, 3.7038472844889783, 3.278243721295895, 4.063323619207119, 4.114446554299551, 3.7776423793182157, 5.010099919565454, 3.874178367446328, 0.0, 0.0, 0.0, 0.0, 0.0, 0.0, 0.0, 0.0, 0.0, 0.0, 0.0, 0.0, 0.0, 0.0, 0.0, 0.0, 0.0, 0.0, 0.0, 0.0, 0.0, 0.0], [4.056050674304392, 5.14746996894828, 6.739918853908649, 10.192401154871165, 18.23817888076473, 14.786542006692247, 73.51669471981023, 8.797048836390076, 5.920311097138024, 5.750547573410125, 5.588526390239149, 5.297617218772201, 5.252432110704314, 5.126782648071172, 6.906498458437753, 5.026485259494418, 5.028558897992766, 4.417602639548842, 5.4721019699187865, 5.3401288965819, 5.15291207012992, 4.931869263999286, 3.8323075172519387, 0.0, 0.0, 0.0, 0.0, 0.0, 0.0, 0.0, 0.0, 0.0, 0.0, 0.0, 0.0, 0.0, 0.0, 0.0, 0.0, 0.0, 0.0, 0.0, 0.0, 0.0, 0.0], [4.417073379679864, 6.7895840340344344, 7.886778112483654, 13.605503342379786, 7.627089599837936, 6.977528942221919, 8.797048836390076, 36.85810519942594, 13.571304083341952, 9.033469026671147, 7.334248247524391, 6.167262781585086, 5.960837491368688, 4.665353335981816, 5.977281696504434, 4.004911517179874, 4.037364375017914, 3.2193391994448994, 4.017675034733505, 3.6871159444588684, 4.8095440553038555, 7.815144350261222, 4.983021818160551, 0.0, 0.0, 0.0, 0.0, 0.0, 0.0, 0.0, 0.0, 0.0, 0.0, 0.0, 0.0, 0.0, 0.0, 0.0, 0.0, 0.0, 0.0, 0.0, 0.0, 0.0, 0.0], [4.964010777657079, 7.799435139381182, 6.792144390151865, 7.806512864754063, 5.022343303018418, 5.269023692258578, 5.920311097138024, 13.571304083341952, 36.85810519942594, 15.44249251665746, 9.184716667588058, 6.434348982308251, 6.179942022098591, 4.438126119637308, 5.751610488091043, 3.6837869639589442, 3.7160604926993543, 2.95672646406547, 3.7295678780568657, 3.3819822383905804, 4.591398346483185, 13.483366842926213, 7.5144569142801965, 0.0, 0.0, 0.0, 0.0, 0.0, 0.0, 0.0, 0.0, 0.0, 0.0, 0.0, 0.0, 0.0, 0.0, 0.0, 0.0, 0.0, 0.0, 0.0, 0.0, 0.0, 0.0], [4.4245467988462766, 5.90786279193183, 5.237983745165518, 5.925944901529882, 4.483561311517145, 4.868544067600536, 5.750547573410125, 9.033469026671147, 15.44249251665746, 53.3587073998281, 20.26373201268614, 9.191704305004839, 7.306076964822718, 5.053483653040407, 6.276572822192184, 4.348385573927519, 4.643612221426301, 3.67940044016532, 4.752032326745661, 4.088179090080614, 6.240247455581535, 8.991039832562299, 7.674933538693438, 0.0, 0.0, 0.0, 0.0, 0.0, 0.0, 0.0, 0.0, 0.0, 0.0, 0.0, 0.0, 0.0, 0.0, 0.0, 0.0, 0.0, 0.0, 0.0, 0.0, 0.0, 0.0], [3.6415973117239937, 4.631323190118309, 4.350729797095274, 5.059565533929444, 4.126189197275373, 4.4978415292826135, 5.588526390239149, 7.334248247524391, 9.184716667588058, 20.26373201268614, 53.3587073998281, 15.467034222010588, 8.97369821555186, 5.926021630722028, 6.86122358092458, 5.24088998722557, 5.936582881909599, 4.486365354133207, 5.782704925686203, 4.779362219364733, 9.08687171743953, 6.215880361968631, 5.583668485285655, 0.0, 0.0, 0.0, 0.0, 0.0, 0.0, 0.0, 0.0, 0.0, 0.0, 0.0, 0.0, 0.0, 0.0, 0.0, 0.0, 0.0, 0.0, 0.0, 0.0, 0.0, 0.0], [2.9387685115429023, 3.71596354568826, 3.6883310413453536, 4.438501723497371, 3.782950961868415, 4.083683718004931, 5.297617218772201, 6.167262781585086, 6.434348982308251, 9.191704305004839, 15.467034222010588, 36.85810519942594, 13.564860992298097, 7.847546028112444, 7.798429473676265, 6.793362302019331, 7.808615399822103, 5.0186231898414135, 5.992942496278393, 5.151571683119233, 13.604470823803458, 4.597489370529787, 3.9654931159708666, 0.0, 0.0, 0.0, 0.0, 0.0, 0.0, 0.0, 0.0, 0.0, 0.0, 0.0, 0.0, 0.0, 0.0, 0.0, 0.0, 0.0, 0.0, 0.0, 0.0, 0.0, 0.0], [3.2044332602681345, 4.044915370758953, 4.019491514508475, 4.677526891430262, 3.9362534089094585, 4.321464323699837, 5.252432110704314, 5.960837491368688, 6.179942022098591, 7.306076964822718, 8.97369821555186, 13.564860992298097, 36.85810519942594, 13.644607467469744, 11.995179967255678, 7.868046918893856, 6.779103015160367, 4.4408695932916356, 5.030329257169881, 4.949412866338821, 7.863361273667405, 4.836420588199505, 4.101839375764699, 0.0, 0.0, 0.0, 0.0, 0.0, 0.0, 0.0, 0.0, 0.0, 0.0, 0.0, 0.0, 0.0, 0.0, 0.0, 0.0, 0.0, 0.0, 0.0, 0.0, 0.0, 0.0], [2.798727348670859, 3.388467318833657, 3.518852147758767, 4.066907941504592, 3.729394022710683, 4.217836139067901, 5.126782648071172, 4.665353335981816, 4.438126119637308, 5.053483653040407, 5.926021630722028, 7.847546028112444, 13.644607467469744, 36.85810519942594, 21.075652102312787, 13.632217807390118, 7.831681214230014, 5.030821979488504, 5.2784474170661095, 5.9237513656961065, 6.812792813285188, 3.739816581732731, 3.2314597789335258, 0.0, 0.0, 0.0, 0.0, 0.0, 0.0, 0.0, 0.0, 0.0, 0.0, 0.0, 0.0, 0.0, 0.0, 0.0, 0.0, 0.0, 0.0, 0.0, 0.0, 0.0, 0.0], [4.24286902779382, 4.963479277581722, 5.155468455411412, 5.63994994164657, 5.242713316188166, 6.203285871395597, 6.906498458437753, 5.977281696504434, 5.751610488091043, 6.276572822192184, 6.86122358092458, 7.798429473676265, 11.995179967255678, 21.075652102312787, 97.53309975386802, 11.987257101540093, 7.789428370438824, 5.848168130981411, 6.3403497818811525, 7.466523274039341, 6.882247701859094, 5.22759645925363, 4.584996891732361, 0.0, 0.0, 0.0, 0.0, 0.0, 0.0, 0.0, 0.0, 0.0, 0.0, 0.0, 0.0, 0.0, 0.0, 0.0, 0.0, 0.0, 0.0, 0.0, 0.0, 0.0, 0.0], [2.3779769399300905, 2.830185574212478, 2.9908147601816, 3.517598802866835, 3.4253416260034717, 3.901431529094902, 5.026485259494418, 4.004911517179874, 3.6837869639589442, 4.348385573927519, 5.24088998722557, 6.793362302019331, 7.868046918893856, 13.632217807390118, 11.987257101540093, 36.85810519942594, 13.552444703336608, 7.612196397231872, 6.967961631092471, 8.787580575672045, 7.857885667859387, 3.083427967655344, 2.7063148888378787, 0.0, 0.0, 0.0, 0.0, 0.0, 0.0, 0.0, 0.0, 0.0, 0.0, 0.0, 0.0, 0.0, 0.0, 0.0, 0.0, 0.0, 0.0, 0.0, 0.0, 0.0, 0.0], [2.255702639868536, 2.699002353475925, 2.8326669522255163, 3.3912046910238383, 3.301505750706237, 3.7038472844889783, 5.028558897992766, 4.037364375017914, 3.7160604926993543, 4.643612221426301, 5.936582881909599, 7.808615399822103, 6.779103015160367, 7.831681214230014, 7.789428370438824, 13.552444703336608, 36.85810519942594, 12.874969204247554, 10.667340365940374, 10.1962352967433, 13.536111023905917, 3.006485293917893, 2.6585322376373197, 0.0, 0.0, 0.0, 0.0, 0.0, 0.0, 0.0, 0.0, 0.0, 0.0, 0.0, 0.0, 0.0, 0.0, 0.0, 0.0, 0.0, 0.0, 0.0, 0.0, 0.0, 0.0], [1.9375040610139171, 2.264408873912653, 2.3882064373189964, 2.8132773187372364, 2.8424606613199046, 3.278243721295895, 4.417602639548842, 3.2193391994448994, 2.95672646406547, 3.67940044016532, 4.486365354133207, 5.0186231898414135, 4.4408695932916356, 5.030821979488504, 5.848168130981411, 7.612196397231872, 12.874969204247554, 36.85810519942594, 20.14470309262284, 18.23989332850869, 7.593149753245686, 2.4693234338856347, 2.2233735925025897, 0.0, 0.0, 0.0, 0.0, 0.0, 0.0, 0.0, 0.0, 0.0, 0.0, 0.0, 0.0, 0.0, 0.0, 0.0, 0.0, 0.0, 0.0, 0.0, 0.0, 0.0, 0.0], [2.4397749067168077, 2.8377642154640808, 2.971000398577561, 3.484730307073065, 3.5119984607748984, 4.063323619207119, 5.4721019699187865, 4.017675034733505, 3.7295678780568657, 4.752032326745661, 5.782704925686203, 5.992942496278393, 5.030329257169881, 5.2784474170661095, 6.3403497818811525, 6.967961631092471, 10.667340365940374, 20.14470309262284, 73.51669471981023, 14.785011895744306, 8.946631792342894, 3.1127778012785985, 2.8340567128316243, 0.0, 0.0, 0.0, 0.0, 0.0, 0.0, 0.0, 0.0, 0.0, 0.0, 0.0, 0.0, 0.0, 0.0, 0.0, 0.0, 0.0, 0.0, 0.0, 0.0, 0.0, 0.0], [2.382779182013303, 2.736164337608365, 2.904862563938955, 3.3585972034842557, 3.469932134391536, 4.114446554299551, 5.3401288965819, 3.6871159444588684, 3.3819822383905804, 4.088179090080614, 4.779362219364733, 5.151571683119233, 4.949412866338821, 5.9237513656961065, 7.466523274039341, 8.787580575672045, 10.1962352967433, 18.23989332850869, 14.785011895744306, 73.51669471981023, 6.733307470927745, 2.9151720962447434, 2.640193607434564, 0.0, 0.0, 0.0, 0.0, 0.0, 0.0, 0.0, 0.0, 0.0, 0.0, 0.0, 0.0, 0.0, 0.0, 0.0, 0.0, 0.0, 0.0, 0.0, 0.0, 0.0, 0.0], [2.457218125023511, 3.0045152131556527, 3.081406738094642, 3.7304366177148864, 3.4477053500249286, 3.7776423793182157, 5.15291207012992, 4.8095440553038555, 4.591398346483185, 6.240247455581535, 9.08687171743953, 13.604470823803458, 7.863361273667405, 6.812792813285188, 6.882247701859094, 7.857885667859387, 13.536111023905917, 7.593149753245686, 8.946631792342894, 6.733307470927745, 36.85810519942594, 3.5052767634108566, 3.0923203635607663, 0.0, 0.0, 0.0, 0.0, 0.0, 0.0, 0.0, 0.0, 0.0, 0.0, 0.0, 0.0, 0.0, 0.0, 0.0, 0.0, 0.0, 0.0, 0.0, 0.0, 0.0, 0.0], [7.464004309367846, 13.44001904729321, 7.808587749987874, 6.734180880886012, 4.420698807437471, 5.010099919565454, 4.931869263999286, 7.815144350261222, 13.483366842926213, 8.991039832562299, 6.215880361968631, 4.597489370529787, 4.836420588199505, 3.739816581732731, 5.22759645925363, 3.083427967655344, 3.006485293917893, 2.4693234338856347, 3.1127778012785985, 2.9151720962447434, 3.5052767634108566, 36.85810519942594, 12.599294539741877, 0.0, 0.0, 0.0, 0.0, 0.0, 0.0, 0.0, 0.0, 0.0, 0.0, 0.0, 0.0, 0.0, 0.0, 0.0, 0.0, 0.0, 0.0, 0.0, 0.0, 0.0, 0.0], [6.407246443456694, 7.487625414734941, 4.975164672133402, 4.3886326963899895, 3.272525382677659, 3.874178367446328, 3.8323075172519387, 4.983021818160551, 7.5144569142801965, 7.674933538693438, 5.583668485285655, 3.9654931159708666, 4.101839375764699, 3.2314597789335258, 4.584996891732361, 2.7063148888378787, 2.6585322376373197, 2.2233735925025897, 2.8340567128316243, 2.640193607434564, 3.0923203635607663, 12.599294539741877, 36.85810519942594, 0.0, 0.0, 0.0, 0.0, 0.0, 0.0, 0.0, 0.0, 0.0, 0.0, 0.0, 0.0, 0.0, 0.0, 0.0, 0.0, 0.0, 0.0, 0.0, 0.0, 0.0, 0.0], [0.0, 0.0, 0.0, 0.0, 0.0, 0.0, 0.0, 0.0, 0.0, 0.0, 0.0, 0.0, 0.0, 0.0, 0.0, 0.0, 0.0, 0.0, 0.0, 0.0, 0.0, 0.0, 0.0, 0.0, 0.0, 0.0, 0.0, 0.0, 0.0, 0.0, 0.0, 0.0, 0.0, 0.0, 0.0, 0.0, 0.0, 0.0, 0.0, 0.0, 0.0, 0.0, 0.0, 0.0, 0.0], [0.0, 0.0, 0.0, 0.0, 0.0, 0.0, 0.0, 0.0, 0.0, 0.0, 0.0, 0.0, 0.0, 0.0, 0.0, 0.0, 0.0, 0.0, 0.0, 0.0, 0.0, 0.0, 0.0, 0.0, 0.0, 0.0, 0.0, 0.0, 0.0, 0.0, 0.0, 0.0, 0.0, 0.0, 0.0, 0.0, 0.0, 0.0, 0.0, 0.0, 0.0, 0.0, 0.0, 0.0, 0.0], [0.0, 0.0, 0.0, 0.0, 0.0, 0.0, 0.0, 0.0, 0.0, 0.0, 0.0, 0.0, 0.0, 0.0, 0.0, 0.0, 0.0, 0.0, 0.0, 0.0, 0.0, 0.0, 0.0, 0.0, 0.0, 0.0, 0.0, 0.0, 0.0, 0.0, 0.0, 0.0, 0.0, 0.0, 0.0, 0.0, 0.0, 0.0, 0.0, 0.0, 0.0, 0.0, 0.0, 0.0, 0.0], [0.0, 0.0, 0.0, 0.0, 0.0, 0.0, 0.0, 0.0, 0.0, 0.0, 0.0, 0.0, 0.0, 0.0, 0.0, 0.0, 0.0, 0.0, 0.0, 0.0, 0.0, 0.0, 0.0, 0.0, 0.0, 0.0, 0.0, 0.0, 0.0, 0.0, 0.0, 0.0, 0.0, 0.0, 0.0, 0.0, 0.0, 0.0, 0.0, 0.0, 0.0, 0.0, 0.0, 0.0, 0.0], [0.0, 0.0, 0.0, 0.0, 0.0, 0.0, 0.0, 0.0, 0.0, 0.0, 0.0, 0.0, 0.0, 0.0, 0.0, 0.0, 0.0, 0.0, 0.0, 0.0, 0.0, 0.0, 0.0, 0.0, 0.0, 0.0, 0.0, 0.0, 0.0, 0.0, 0.0, 0.0, 0.0, 0.0, 0.0, 0.0, 0.0, 0.0, 0.0, 0.0, 0.0, 0.0, 0.0, 0.0, 0.0], [0.0, 0.0, 0.0, 0.0, 0.0, 0.0, 0.0, 0.0, 0.0, 0.0, 0.0, 0.0, 0.0, 0.0, 0.0, 0.0, 0.0, 0.0, 0.0, 0.0, 0.0, 0.0, 0.0, 0.0, 0.0, 0.0, 0.0, 0.0, 0.0, 0.0, 0.0, 0.0, 0.0, 0.0, 0.0, 0.0, 0.0, 0.0, 0.0, 0.0, 0.0, 0.0, 0.0, 0.0, 0.0], [0.0, 0.0, 0.0, 0.0, 0.0, 0.0, 0.0, 0.0, 0.0, 0.0, 0.0, 0.0, 0.0, 0.0, 0.0, 0.0, 0.0, 0.0, 0.0, 0.0, 0.0, 0.0, 0.0, 0.0, 0.0, 0.0, 0.0, 0.0, 0.0, 0.0, 0.0, 0.0, 0.0, 0.0, 0.0, 0.0, 0.0, 0.0, 0.0, 0.0, 0.0, 0.0, 0.0, 0.0, 0.0], [0.0, 0.0, 0.0, 0.0, 0.0, 0.0, 0.0, 0.0, 0.0, 0.0, 0.0, 0.0, 0.0, 0.0, 0.0, 0.0, 0.0, 0.0, 0.0, 0.0, 0.0, 0.0, 0.0, 0.0, 0.0, 0.0, 0.0, 0.0, 0.0, 0.0, 0.0, 0.0, 0.0, 0.0, 0.0, 0.0, 0.0, 0.0, 0.0, 0.0, 0.0, 0.0, 0.0, 0.0, 0.0], [0.0, 0.0, 0.0, 0.0, 0.0, 0.0, 0.0, 0.0, 0.0, 0.0, 0.0, 0.0, 0.0, 0.0, 0.0, 0.0, 0.0, 0.0, 0.0, 0.0, 0.0, 0.0, 0.0, 0.0, 0.0, 0.0, 0.0, 0.0, 0.0, 0.0, 0.0, 0.0, 0.0, 0.0, 0.0, 0.0, 0.0, 0.0, 0.0, 0.0, 0.0, 0.0, 0.0, 0.0, 0.0], [0.0, 0.0, 0.0, 0.0, 0.0, 0.0, 0.0, 0.0, 0.0, 0.0, 0.0, 0.0, 0.0, 0.0, 0.0, 0.0, 0.0, 0.0, 0.0, 0.0, 0.0, 0.0, 0.0, 0.0, 0.0, 0.0, 0.0, 0.0, 0.0, 0.0, 0.0, 0.0, 0.0, 0.0, 0.0, 0.0, 0.0, 0.0, 0.0, 0.0, 0.0, 0.0, 0.0, 0.0, 0.0], [0.0, 0.0, 0.0, 0.0, 0.0, 0.0, 0.0, 0.0, 0.0, 0.0, 0.0, 0.0, 0.0, 0.0, 0.0, 0.0, 0.0, 0.0, 0.0, 0.0, 0.0, 0.0, 0.0, 0.0, 0.0, 0.0, 0.0, 0.0, 0.0, 0.0, 0.0, 0.0, 0.0, 0.0, 0.0, 0.0, 0.0, 0.0, 0.0, 0.0, 0.0, 0.0, 0.0, 0.0, 0.0], [0.0, 0.0, 0.0, 0.0, 0.0, 0.0, 0.0, 0.0, 0.0, 0.0, 0.0, 0.0, 0.0, 0.0, 0.0, 0.0, 0.0, 0.0, 0.0, 0.0, 0.0, 0.0, 0.0, 0.0, 0.0, 0.0, 0.0, 0.0, 0.0, 0.0, 0.0, 0.0, 0.0, 0.0, 0.0, 0.0, 0.0, 0.0, 0.0, 0.0, 0.0, 0.0, 0.0, 0.0, 0.0], [0.0, 0.0, 0.0, 0.0, 0.0, 0.0, 0.0, 0.0, 0.0, 0.0, 0.0, 0.0, 0.0, 0.0, 0.0, 0.0, 0.0, 0.0, 0.0, 0.0, 0.0, 0.0, 0.0, 0.0, 0.0, 0.0, 0.0, 0.0, 0.0, 0.0, 0.0, 0.0, 0.0, 0.0, 0.0, 0.0, 0.0, 0.0, 0.0, 0.0, 0.0, 0.0, 0.0, 0.0, 0.0], [0.0, 0.0, 0.0, 0.0, 0.0, 0.0, 0.0, 0.0, 0.0, 0.0, 0.0, 0.0, 0.0, 0.0, 0.0, 0.0, 0.0, 0.0, 0.0, 0.0, 0.0, 0.0, 0.0, 0.0, 0.0, 0.0, 0.0, 0.0, 0.0, 0.0, 0.0, 0.0, 0.0, 0.0, 0.0, 0.0, 0.0, 0.0, 0.0, 0.0, 0.0, 0.0, 0.0, 0.0, 0.0], [0.0, 0.0, 0.0, 0.0, 0.0, 0.0, 0.0, 0.0, 0.0, 0.0, 0.0, 0.0, 0.0, 0.0, 0.0, 0.0, 0.0, 0.0, 0.0, 0.0, 0.0, 0.0, 0.0, 0.0, 0.0, 0.0, 0.0, 0.0, 0.0, 0.0, 0.0, 0.0, 0.0, 0.0, 0.0, 0.0, 0.0, 0.0, 0.0, 0.0, 0.0, 0.0, 0.0, 0.0, 0.0], [0.0, 0.0, 0.0, 0.0, 0.0, 0.0, 0.0, 0.0, 0.0, 0.0, 0.0, 0.0, 0.0, 0.0, 0.0, 0.0, 0.0, 0.0, 0.0, 0.0, 0.0, 0.0, 0.0, 0.0, 0.0, 0.0, 0.0, 0.0, 0.0, 0.0, 0.0, 0.0, 0.0, 0.0, 0.0, 0.0, 0.0, 0.0, 0.0, 0.0, 0.0, 0.0, 0.0, 0.0, 0.0], [0.0, 0.0, 0.0, 0.0, 0.0, 0.0, 0.0, 0.0, 0.0, 0.0, 0.0, 0.0, 0.0, 0.0, 0.0, 0.0, 0.0, 0.0, 0.0, 0.0, 0.0, 0.0, 0.0, 0.0, 0.0, 0.0, 0.0, 0.0, 0.0, 0.0, 0.0, 0.0, 0.0, 0.0, 0.0, 0.0, 0.0, 0.0, 0.0, 0.0, 0.0, 0.0, 0.0, 0.0, 0.0], [0.0, 0.0, 0.0, 0.0, 0.0, 0.0, 0.0, 0.0, 0.0, 0.0, 0.0, 0.0, 0.0, 0.0, 0.0, 0.0, 0.0, 0.0, 0.0, 0.0, 0.0, 0.0, 0.0, 0.0, 0.0, 0.0, 0.0, 0.0, 0.0, 0.0, 0.0, 0.0, 0.0, 0.0, 0.0, 0.0, 0.0, 0.0, 0.0, 0.0, 0.0, 0.0, 0.0, 0.0, 0.0], [0.0, 0.0, 0.0, 0.0, 0.0, 0.0, 0.0, 0.0, 0.0, 0.0, 0.0, 0.0, 0.0, 0.0, 0.0, 0.0, 0.0, 0.0, 0.0, 0.0, 0.0, 0.0, 0.0, 0.0, 0.0, 0.0, 0.0, 0.0, 0.0, 0.0, 0.0, 0.0, 0.0, 0.0, 0.0, 0.0, 0.0, 0.0, 0.0, 0.0, 0.0, 0.0, 0.0, 0.0, 0.0], [0.0, 0.0, 0.0, 0.0, 0.0, 0.0, 0.0, 0.0, 0.0, 0.0, 0.0, 0.0, 0.0, 0.0, 0.0, 0.0, 0.0, 0.0, 0.0, 0.0, 0.0, 0.0, 0.0, 0.0, 0.0, 0.0, 0.0, 0.0, 0.0, 0.0, 0.0, 0.0, 0.0, 0.0, 0.0, 0.0, 0.0, 0.0, 0.0, 0.0, 0.0, 0.0, 0.0, 0.0, 0.0], [0.0, 0.0, 0.0, 0.0, 0.0, 0.0, 0.0, 0.0, 0.0, 0.0, 0.0, 0.0, 0.0, 0.0, 0.0, 0.0, 0.0, 0.0, 0.0, 0.0, 0.0, 0.0, 0.0, 0.0, 0.0, 0.0, 0.0, 0.0, 0.0, 0.0, 0.0, 0.0, 0.0, 0.0, 0.0, 0.0, 0.0, 0.0, 0.0, 0.0, 0.0, 0.0, 0.0, 0.0, 0.0], [0.0, 0.0, 0.0, 0.0, 0.0, 0.0, 0.0, 0.0, 0.0, 0.0, 0.0, 0.0, 0.0, 0.0, 0.0, 0.0, 0.0, 0.0, 0.0, 0.0, 0.0, 0.0, 0.0, 0.0, 0.0, 0.0, 0.0, 0.0, 0.0, 0.0, 0.0, 0.0, 0.0, 0.0, 0.0, 0.0, 0.0, 0.0, 0.0, 0.0, 0.0, 0.0, 0.0, 0.0, 0.0]], [[53.3587073998281, 19.205635360648824, 8.549381945995496, 6.352963988804324, 4.59574192110213, 4.099442777527211, 3.2174320328072055, 3.908331626297398, 3.8215499474337085, 4.554882955125017, 3.721148844779027, 3.73658131998583, 6.293731395273448, 7.260905297040588, 5.887817582084427, 4.276459114649503, 4.4920716151466875, 3.600210436897445, 3.434756552519963, 5.181196766010845, 3.782811230361985, 3.0186493105150705, 2.952375435744405, 3.3842499000870117, 4.651471161141235, 0.0, 0.0, 0.0, 0.0, 0.0, 0.0, 0.0, 0.0, 0.0, 0.0, 0.0, 0.0, 0.0, 0.0, 0.0, 0.0, 0.0, 0.0, 0.0, 0.0], [19.205635360648824, 36.85810519942594, 13.207239020270231, 7.785075342113604, 5.107288543996473, 4.467264145861661, 3.312552152857461, 3.9418032421694438, 3.8430751204548845, 5.056748015629133, 3.857405759922564, 3.727851035949421, 7.694595139878522, 7.815751229150743, 5.836407886794075, 4.2189311057858525, 4.4942241407924115, 3.484139185812254, 3.280915270500667, 4.972068425317331, 3.5375100365832113, 2.8641077523044594, 2.7885168371217985, 3.228621325915755, 4.357973580961546, 0.0, 0.0, 0.0, 0.0, 0.0, 0.0, 0.0, 0.0, 0.0, 0.0, 0.0, 0.0, 0.0, 0.0, 0.0, 0.0, 0.0, 0.0, 0.0, 0.0], [8.549381945995496, 13.207239020270231, 36.85810519942594, 13.65195617687738, 7.87337390821568, 6.75004564111199, 4.4207414028586385, 5.042607204736634, 4.894394734375447, 7.806583324793332, 5.077958193363249, 4.577439160010807, 13.555840152536964, 9.060155655826197, 6.376793596492025, 4.780481726936163, 5.16667526757784, 3.9381956956783046, 3.646672592220154, 5.465708092527324, 3.870487603517344, 3.194761067706917, 3.092361696125936, 3.5877114935360117, 4.742853898057196, 0.0, 0.0, 0.0, 0.0, 0.0, 0.0, 0.0, 0.0, 0.0, 0.0, 0.0, 0.0, 0.0, 0.0, 0.0, 0.0, 0.0, 0.0, 0.0, 0.0], [6.352963988804324, 7.785075342113604, 13.65195617687738, 36.85810519942594, 13.673258770460627, 7.820071017830677, 5.039630621718472, 6.0365691113281805, 5.163129014548908, 6.783827963618839, 4.482052704994485, 4.1114568978901165, 7.851105057581166, 5.950750719155641, 4.723238517523587, 3.842954337556538, 4.313717925102387, 3.595163578057728, 3.5388682842275374, 5.445676820425865, 3.847051487772268, 2.9430997526727674, 2.7745268059516333, 3.067002516140638, 4.063524804102391, 0.0, 0.0, 0.0, 0.0, 0.0, 0.0, 0.0, 0.0, 0.0, 0.0, 0.0, 0.0, 0.0, 0.0, 0.0, 0.0, 0.0, 0.0, 0.0, 0.0], [4.59574192110213, 5.107288543996473, 7.87337390821568, 13.673258770460627, 36.85810519942594, 13.546659930722518, 7.657152832256025, 9.000270236318372, 6.79356194266845, 7.830198610905191, 5.0603084604486215, 4.556122642756927, 6.793496495943675, 5.236560052523426, 4.362993678344235, 3.7186514175045646, 4.137163228471267, 3.621310813400362, 3.56610204282993, 5.281805996755231, 3.9617512192741966, 3.0337611409917677, 2.848022429929256, 3.0798321450121366, 4.0756848361296445, 0.0, 0.0, 0.0, 0.0, 0.0, 0.0, 0.0, 0.0, 0.0, 0.0, 0.0, 0.0, 0.0, 0.0, 0.0, 0.0, 0.0, 0.0, 0.0, 0.0], [4.099442777527211, 4.467264145861661, 6.75004564111199, 7.820071017830677, 13.546659930722518, 36.85810519942594, 12.802393138166176, 10.653156756491065, 10.13088754715816, 13.418730641401005, 7.636811700564301, 6.258724739195441, 7.76202892443451, 5.878847092826847, 4.978426679520313, 4.327668856217359, 4.595447626628338, 3.992302704740457, 3.692354135054682, 5.122612935818049, 4.10471936663378, 3.4349224567345864, 3.3036010487664753, 3.6215778963708436, 4.776007071024544, 0.0, 0.0, 0.0, 0.0, 0.0, 0.0, 0.0, 0.0, 0.0, 0.0, 0.0, 0.0, 0.0, 0.0, 0.0, 0.0, 0.0, 0.0, 0.0, 0.0], [3.2174320328072055, 3.312552152857461, 4.4207414028586385, 5.039630621718472, 7.657152832256025, 12.802393138166176, 36.85810519942594, 20.14122543562249, 18.245784852067235, 7.4670243998878485, 6.413447858709022, 6.003533939554132, 4.964913480364348, 4.4120379784880335, 4.002078532633332, 3.6016069662543435, 3.760916393466933, 3.5393510785381177, 3.335897471445977, 4.463116612382471, 3.9157920046975363, 3.224933537538456, 3.106013705185125, 3.253681059588476, 4.37850504884674, 0.0, 0.0, 0.0, 0.0, 0.0, 0.0, 0.0, 0.0, 0.0, 0.0, 0.0, 0.0, 0.0, 0.0, 0.0, 0.0, 0.0, 0.0, 0.0, 0.0], [3.908331626297398, 3.9418032421694438, 5.042607204736634, 6.0365691113281805, 9.000270236318372, 10.653156756491065, 20.14122543562249, 73.51669471981023, 14.814440151491876, 6.936533852489355, 6.076315631066066, 6.079140603858324, 5.261016650379329, 4.841435696135993, 4.399675884439486, 3.9083626463809824, 4.120439535597029, 3.962524269963034, 3.8891990098282156, 5.302810536559147, 4.698730429692321, 3.635886006520922, 3.47201980001